rendezvous-service-descriptor uvepermanentv4zeqskarxwzg6vo4di6
version 2
permanent-key
-----BEGIN RSA PUBLIC KEY-----
MIGJAoGBALfng/krEfrBcvblDiM3PAjowkiAKxLoTsXt3nPEzyTP6Cw+Gdr0ODje
hmxTNpgn1iKH7szk4Q1p2RabOrUHWwXmGXeDDNs00fcyU6HupgqsCoKOqCsmPac6
/58apC64A7xHeS02wtfWJp6qiZ8i6GGu6xWXRWux+ShPgcHvkajRAgMahU8=
-----END RSA PUBLIC KEY-----
secret-id-part heyhnvgb7xim24ejowhnq5rl3imgysjo
publication-time 2017-02-17 18:00:00
protocol-versions (844,72222222844,7222222222,322222222844,72222222844,7222222222,3222222222,322(844,72222222844,7111111111,32222222222222,322222222,32222222222224,72222222844,7272222222844,72222222222,3222222222,32222222222224,72222222844,72222222222,3222222222,32222222222,322(844,72222222844,7222222222,32222222222222,3222222222,322(844,7222,32222222222224,72222222844,222222222,3222222222,32222222222224,72222222844,72222222222,3222222222,32222222222,32272222222844,7222222222,322222222844,72222222844,7222222222,3222222222,322(844,72222222844,7111111111,32222222222222844,7222222222,3222222222,322(844,72222222844,7111111111,32222222222222,322222222,32222222222224,72222222844,7272222222844,72222222222,3222222222,32222222222224,72222222844,72222222222,3222222222,32222222222,322(844,72222222844,7222222222,32222222222222,3222222222,322(844,7222,32222222222224,72222222844,222222222,3222222222,32222222222224,72222222844,72222222222,3222222222,32222222222,32272222222844,7222222222,322222222844,72222222844,7222222222,3222222222,322(844,72222222844,7111111111,32222222222222,322222222,32222222222224,72222222844,7272222222844,72222222222,3222222222,22222222224,722222272222222222,3222222222,32222222222224,72222222844,24,72222222844,72222222222,3222222222,32222222222,322(844,72222222844,7222222222,32222222222222,3222222222,322(844,7222,32222222222224,7(844,72222222844,7222222222,32222222222222,3222222,322222222,32222222222224,72222222844,7272222222844,72222222222,3222222222,22222222224,722222272222222222,3222222222,32222222222224,72222222844,24,72222222844,72222222222,3222222222,32222222222,322(844,72222222844,7222222222,32222222222222,3222222222,322(844,7222,32222222222224,7(844,72222222844,7222222222,32222222222222,3222237564,322(844,7222,32222222227349,722222272222222222,3222222222,32222222222224,72222222844,1,96961109825232,175835286515175108
signature
-----BEGIN SIGNATURE-----
Yr+5rBH0Nb4=
-----END SIGNATURE-----