router OntarioLacus 84.152.145.107 9001 0 0
platform Tor 0.1.1.26 on Linux i686
published 2007-02-15 03:13:49
opt fingerprint 4F5E 7F29 F591 60CD 6E4B C15F BBAB 04D7 32B6 D241
uptime -9
bandwidth 21000 25000 26419
onion-key
-----BEGIN RSA PUBLIC KEY-----
MIGJAoGBAMhmU+e70OgiBau/yla00zF9E/eK1Z2RZMzxuHaNnl4v06hy5sEWTGxw
SveNZD4nUHU/xbKwD2CGOyRTd4Kvv8rXbdRUNHiu3AGBnnSRmF0EOReCW0P6xs6L
pIKMj+zz1mAx7HfGK2zKl/38CSCBXFSO8oAQVf6QdEglnmvTl6pLAgMBAAE=
-----END RSA PUBLIC KEY-----
signing-key
-----BEGIN RSA PUBLIC KEY-----
MIGJAoGBAMrwu0dTG7iYLwrSIPxiiJdy3qcsdcwYZTosGbP6RkR/WzA7BoueXzvK
cySMMEgT/1YeTYjr9TkkX9AKsgFDhNdXwnNQ8izD2LhRaJ1gp50MtShE4UF0fBUF
eEwrjho+Gs6h55FEhbERmyW9WV+B5aCwHJrKdc3iVyTXvaU0a63tAgMBAAE=
-----END RSA PUBLIC KEY-----
opt write-history 2007-02-15 03:02:29 (900 s) 68087,514188,106978,696519,4405790,8581221,9155118,11443805,10501086,12506722,12757196,5395642,5053386,4138589,5319026,10165347,7960971,3358818,3772854,3923141,236446,915592,939597,3716194,2131175,3018892,7020508,10093568,1729752,1887978,6616721,8183027,6232675,7213867,5907968,6190614,6603776,4896452,5577216,11089255,13347978,8249153,3932399,4245574,1659904,4560286,1088605,3607140,5947944,3943936,4136596,3797190,4631174,5884596,4475255,3996864,3630307,6916337,6265301,7563872,7842344,10456312,7252959,9182975,8070337,8088064,7186479,6106624,5795907,6510830,6132783,7144646,8618147,7683584,10723384,4751461,5331177,3784331,2169655,2018402,658916,485825,217221,493196,388376,954036,368948,288768,2175076,597599,1448547,4188966,347226,9137,8803,19901
opt read-history 2007-02-15 03:02:29 (900 s) 231892,518343,253022,700008,4589207,8589434,9305136,11448183,10657440,12513828,12935817,5407304,5216400,4144987,5474739,10171804,8104657,3360542,4014971,3969609,397367,923640,1090499,3723553,2284431,3026040,7241919,10099478,1862446,1911278,6766261,8197498,6239278,7354378,6023168,6377831,6614016,5059039,5584384,11257521,13358559,8456119,3959139,4410405,1665536,4712005,1095711,3619160,6111672,3952640,4286758,3807313,4823675,5911533,4634826,4000607,3896172,6926310,6414525,7569805,8046136,10479408,7414761,9208988,8234596,8092672,7346033,6110720,5941327,6516059,6280368,7145032,8777513,7698944,10889926,4762177,5517901,3798084,2340675,2141575,670701,512415,361520,498800,591499,964457,531854,304640,2185978,732705,1465050,4355893,360302,146749,12324,157324
reject *:*
router-signature
-----BEGIN SIGNATURE-----
w0v36P/aPMdK4XX7rRpNI7YIaIerQT8yjy9xyOfFAWmKhYkJWDa7D6RJGmt0mCHn
brdXu6z4TdvQ7AmU9LMHiFZBDRnvcH90HPEluziiAOKLYYUryu51p3mYfebvJuub
7TIoCRoLE+G43dsoq4y5j5yMShEnlv4eIGbjGEocCzg=
-----END SIGNATURE-----
