router veaPh8uchi 66.162.30.226 9001 9050 0
platform Tor 0.0.9.9 on Linux chaos.ao.net i686
published 2005-12-15 08:46:45
opt fingerprint 8AA9 CC0B 588F F661 6284 8EF8 A3FE D6F0 61DF 433F
opt uptime 1599732
bandwidth 1048576 5242880 1502
onion-key
-----BEGIN RSA PUBLIC KEY-----
MIGJAoGBAK+m4HC43haPz3hspiHvh2IjZfrKP3o76qS96fIvGqCKIJDT6g55k9NY
lXMWe9ndIEH2aO2MY0jo/9/AMT7bhmeEfLel4K1PLThEnt4bqqq+nWfjLs/Vcuf4
Axf/XsyPt0/dhS7D8UWf52/+Fd0aaTjTu7KM+iXdRgFfXyPo2c5RAgMBAAE=
-----END RSA PUBLIC KEY-----
signing-key
-----BEGIN RSA PUBLIC KEY-----
MIGJAoGBAL9weLe0ZIFvbqIhmWTCHGdejE3qLyFmybb8bYTw7YaIa5k/d10heTVs
4N2uywLsJIv6V8nHlioWRfcKFDpwd8/sId+vKNVD5iMT/KJ8Gq3mwy3dmRTv6Sov
g1sxxPQDgv1QV5WwrQytsX3qzhyBVZjxZiWL3O/c1y/uoihUJbIvAgMBAAE=
-----END RSA PUBLIC KEY-----
opt write-history 2005-12-15 08:39:31 (900 s) 62555,65117,52570,47427,58454,62043,57178,47432,61021,59997,50010,71451,62582,52045,55159,62567,62584,52045,55157,64615,64625,52045,55159,70759,62585,52053,57207,62065,59091,48045,54135,59079,63614,52570,55159,64626,64129,52061,55159,64631,64641,67204,62943,65652,61406,64505,60786,69234,61406,60411,61812,65650,59872,59897,59252,70772,61406,61433,60276,65652,59872,61433,56180,64628,59872,62971,58738,67700,58846,59899,58226,68212,61406,60409,57204,66162,57822,57339,54132,66676,56797,56310,62836,64111,58845,57846,57716,65135,58845,56824,56180,64625,56794,56819,55666,64110
opt read-history  2005-12-15 08:39:31 (900 s) 73058,74256,68227,485958,68387,73722,74077,484903,72770,71803,65799,953894,74738,63966,74383,507203,74969,63755,74559,510587,76785,64011,74893,516758,75505,64341,76656,517180,73064,63017,71268,519072,76961,64595,56390,524523,77111,64801,75599,520783,77626,79219,80983,520490,73408,76991,79344,523698,73942,72971,81097,524786,73172,73201,79766,528875,73750,74896,79833,522678,73246,73690,74758,520803,72634,75194,79042,525334,70794,73097,78429,521153,77259,70549,59712,528025,72146,52142,53943,60963,51630,69578,58551,526493,53166,71727,59712,528758,54190,51630,56503,59427,51630,68153,78512,60451
opt contact 1024D/4C5182C8 Dan Merillat <dm@ao.net>
reject *:25
reject 192.168.0.0/255.255.0.0:*
reject 10.0.0.0/255.0.0.0:*
accept *:*
router-signature
-----BEGIN SIGNATURE-----
ls3Ec7B54SpTZKSVskVX+o7dT0nXkRH349PyT5+RE+pXlihMtr63HYHlyOrVfQA/
JQE6BQLEDMq1U14gW13BHRCc30ZzWxlpZTe3p7+6J1Dao5bQrKak6qgNESR/sJ8D
mHtq7FKsNt3XY6HsvrCMP+JCUGEckSTzjX5py00Yg8k=
-----END SIGNATURE-----
